2 0.4423828125 0.5986328125 0.125 0.10546875
0 0.4609375 0.8671875 0.2138671875 0.265625
1 0.634765625 0.533203125 0.056640625 0.0908203125
0 0.65625 0.71875 0.146484375 0.27734375
1 0.177734375 0.490234375 0.0302734375 0.029296875
0 0.1767578125 0.6201171875 0.0859375 0.1455078125
1 0.353515625 0.4892578125 0.0224609375 0.0458984375
0 0.3525390625 0.5908203125 0.0654296875 0.1328125
0 0.7734375 0.541015625 0.0478515625 0.10546875
1 0.7685546875 0.4716796875 0.021484375 0.01953125
0 0.9580078125 0.5810546875 0.0771484375 0.099609375
1 0.95703125 0.490234375 0.029296875 0.029296875