0 0.3896484375 0.75 0.2529296875 0.474609375
0 0.5888671875 0.6845703125 0.21484375 0.4345703125
0 0.0869140625 0.51171875 0.0595703125 0.1171875
0 0.224609375 0.6162109375 0.0947265625 0.2578125
0 0.15625 0.509765625 0.0654296875 0.14453125
2 0.4755859375 0.35546875 0.05859375 0.099609375
2 0.3330078125 0.3662109375 0.06640625 0.1025390625
2 0.2412109375 0.40625 0.0537109375 0.09765625
2 0.15625 0.4091796875 0.03125 0.04296875
2 0.09375 0.3984375 0.03515625 0.052734375
2 0.791015625 0.2412109375 0.1279296875 0.16796875