0 0.2109375 0.408203125 0.078125 0.0556640625
2 0.1962890625 0.3515625 0.0126953125 0.0361328125
1 0.2578125 0.328125 0.0966796875 0.142578125
0 0.2734375 0.6943359375 0.498046875 0.5498046875
1 0.5869140625 0.361328125 0.033203125 0.0634765625
0 0.607421875 0.5244140625 0.1640625 0.2099609375
1 0.744140625 0.37109375 0.04296875 0.04296875
0 0.7734375 0.486328125 0.1474609375 0.1611328125
0 0.517578125 0.4638671875 0.12890625 0.1416015625
1 0.5263671875 0.353515625 0.0263671875 0.048828125
0 0.416015625 0.4248046875 0.0625 0.072265625
2 0.416015625 0.349609375 0.0185546875 0.025390625
1 0.3095703125 0.2900390625 0.0625 0.095703125
0 0.298828125 0.5322265625 0.2412109375 0.220703125