0 0.3310546875 0.544921875 0.080078125 0.16796875
0 0.2724609375 0.486328125 0.0244140625 0.078125
1 0.271484375 0.4287109375 0.0078125 0.02734375
2 0.326171875 0.4208984375 0.037109375 0.0439453125
0 0.5234375 0.537109375 0.0615234375 0.166015625
1 0.5517578125 0.4375 0.0478515625 0.0693359375
0 0.5634765625 0.63671875 0.1171875 0.2744140625
1 0.732421875 0.4169921875 0.0400390625 0.0556640625
0 0.73828125 0.576171875 0.095703125 0.2255859375
1 0.8525390625 0.4052734375 0.0458984375 0.078125
0 0.8681640625 0.626953125 0.15234375 0.294921875
1 0.392578125 0.416015625 0.0185546875 0.052734375
0 0.4033203125 0.5205078125 0.0615234375 0.1474609375
0 0.2431640625 0.5068359375 0.037109375 0.1103515625
0 0.173828125 0.501953125 0.052734375 0.091796875
2 0.10546875 0.4404296875 0.0107421875 0.0234375
1 0.17578125 0.4345703125 0.0126953125 0.025390625
0 0.2041015625 0.4794921875 0.0263671875 0.07421875
1 0.19921875 0.435546875 0.013671875 0.0185546875
0 0.2197265625 0.486328125 0.0244140625 0.078125
2 0.2265625 0.4384765625 0.0078125 0.0166015625
2 0.22265625 0.4365234375 0.0048828125 0.0205078125
1 0.23828125 0.431640625 0.0087890625 0.0205078125
1 0.2529296875 0.43359375 0.013671875 0.02734375
0 0.1064453125 0.4990234375 0.04296875 0.0849609375
1 0.525390625 0.41015625 0.0263671875 0.0595703125
0 0.607421875 0.5341796875 0.0615234375 0.138671875
1 0.587890625 0.404296875 0.021484375 0.048828125