0 0.3798828125 0.4931640625 0.0810546875 0.1376953125
1 0.4638671875 0.3876953125 0.083984375 0.1240234375
0 0.474609375 0.7900390625 0.224609375 0.4189453125
1 0.6943359375 0.404296875 0.109375 0.1123046875
0 0.712890625 0.7431640625 0.248046875 0.3759765625
1 0.1708984375 0.3720703125 0.068359375 0.0791015625
0 0.169921875 0.5966796875 0.1904296875 0.2998046875
0 0.8662109375 0.625 0.205078125 0.3125
1 0.884765625 0.4111328125 0.0615234375 0.109375
0 0.94921875 0.732421875 0.1005859375 0.53515625
2 0.0361328125 0.3271484375 0.0234375 0.0361328125
2 0.0986328125 0.341796875 0.02734375 0.037109375
0 0.2451171875 0.513671875 0.0712890625 0.22265625
1 0.2431640625 0.37109375 0.0263671875 0.0380859375
1 0.2236328125 0.3466796875 0.0283203125 0.0361328125
1 0.2763671875 0.365234375 0.0244140625 0.0361328125
0 0.357421875 0.5810546875 0.1123046875 0.3095703125
1 0.34765625 0.384765625 0.044921875 0.0615234375
1 0.3232421875 0.36328125 0.029296875 0.01953125
1 0.3779296875 0.3740234375 0.03125 0.044921875
0 0.5869140625 0.5556640625 0.171875 0.220703125
1 0.5751953125 0.375 0.0517578125 0.072265625