1 0.4130859375 0.3701171875 0.1083984375 0.1962890625
0 0.5322265625 0.7685546875 0.638671875 0.462890625
0 0.078125 0.4052734375 0.0703125 0.0751953125
1 0.064453125 0.3427734375 0.0224609375 0.0400390625
0 0.7587890625 0.30859375 0.08203125 0.0615234375
0 0.75 0.306640625 0.0830078125 0.0654296875
0 0.7802734375 0.291015625 0.0771484375 0.0556640625
1 0.740234375 0.263671875 0.0205078125 0.0224609375
1 0.7587890625 0.2607421875 0.0146484375 0.021484375
1 0.7734375 0.259765625 0.0166015625 0.017578125
0 0.5146484375 0.3232421875 0.04296875 0.0546875
1 0.5244140625 0.287109375 0.017578125 0.0126953125