0 0.712890625 0.771484375 0.19140625 0.4423828125
0 0.4365234375 0.814453125 0.30078125 0.37109375
0 0.197265625 0.8046875 0.17578125 0.390625
1 0.7177734375 0.443359375 0.07421875 0.1455078125
1 0.466796875 0.4658203125 0.1044921875 0.18359375
1 0.224609375 0.5234375 0.0712890625 0.1181640625
1 0.095703125 0.45703125 0.0439453125 0.1064453125
1 0.279296875 0.453125 0.048828125 0.0908203125
1 0.1552734375 0.4921875 0.0546875 0.111328125
1 0.5859375 0.4619140625 0.05078125 0.1044921875
1 0.1083984375 0.3720703125 0.05859375 0.0693359375
1 0.810546875 0.4306640625 0.0595703125 0.07421875
1 0.3798828125 0.4765625 0.072265625 0.142578125
1 0.6279296875 0.41015625 0.033203125 0.064453125
2 0.84765625 0.41796875 0.0244140625 0.037109375
1 0.8779296875 0.41796875 0.0302734375 0.0703125
0 0.83203125 0.6552734375 0.1083984375 0.302734375
0 0.09765625 0.765625 0.1376953125 0.4091796875