0 0.162109375 0.7158203125 0.134765625 0.291015625
0 0.34375 0.7353515625 0.134765625 0.3134765625
0 0.48828125 0.6240234375 0.064453125 0.14453125
0 0.7783203125 0.6240234375 0.1328125 0.1513671875
0 0.5693359375 0.5810546875 0.0595703125 0.0888671875
2 0.7626953125 0.505859375 0.0390625 0.05859375
2 0.5556640625 0.513671875 0.02734375 0.0302734375
1 0.166015625 0.5341796875 0.0498046875 0.0595703125
1 0.333984375 0.5283203125 0.0478515625 0.0703125
0 0.390625 0.556640625 0.0283203125 0.06640625
0 0.41796875 0.5439453125 0.0322265625 0.0458984375
1 0.4765625 0.513671875 0.033203125 0.0546875
1 0.3828125 0.51171875 0.0234375 0.033203125