1 0.474609375 0.15234375 0.123046875 0.1650390625
1 0.1689453125 0.1982421875 0.099609375 0.13671875
1 0.91015625 0.1337890625 0.1279296875 0.21484375
0 0.1015625 0.57421875 0.2021484375 0.4638671875
0 0.4189453125 0.68359375 0.4375 0.6318359375
0 0.75 0.3779296875 0.1357421875 0.2578125
0 0.810546875 0.66796875 0.326171875 0.62890625
1 0.26171875 0.2119140625 0.0869140625 0.1337890625
1 0.546875 0.162109375 0.068359375 0.0927734375
1 0.794921875 0.140625 0.06640625 0.083984375
1 0.98046875 0.1376953125 0.0380859375 0.1015625