1 0.892578125 0.2666015625 0.0703125 0.1201171875
1 0.669921875 0.2919921875 0.0546875 0.0966796875
1 0.7158203125 0.2568359375 0.052734375 0.080078125
1 0.45703125 0.2646484375 0.0595703125 0.08984375
1 0.2626953125 0.2314453125 0.0703125 0.1103515625
0 0.16015625 0.7080078125 0.2998046875 0.4833984375
0 0.3525390625 0.646484375 0.1845703125 0.2470703125
0 0.4296875 0.501953125 0.1748046875 0.18359375
0 0.6884765625 0.5654296875 0.1376953125 0.34375
0 0.8662109375 0.68359375 0.2177734375 0.373046875
1 0.1826171875 0.26953125 0.080078125 0.1533203125
1 0.3671875 0.2685546875 0.0546875 0.1162109375