1 0.3408203125 0.619140625 0.04296875 0.0556640625
1 0.3828125 0.533203125 0.0302734375 0.0380859375
1 0.8828125 0.56640625 0.0400390625 0.0556640625
0 0.083984375 0.8095703125 0.08203125 0.26953125
0 0.2451171875 0.845703125 0.0595703125 0.2451171875
0 0.349609375 0.8056640625 0.0703125 0.1787109375
0 0.5009765625 0.7919921875 0.072265625 0.234375
0 0.896484375 0.7099609375 0.087890625 0.146484375
0 0.576171875 0.595703125 0.0478515625 0.052734375
0 0.7978515625 0.6015625 0.0595703125 0.1259765625
2 0.22265625 0.63671875 0.03515625 0.048828125
2 0.083984375 0.6396484375 0.0673828125 0.0625
2 0.267578125 0.5859375 0.03515625 0.0458984375
1 0.2470703125 0.537109375 0.0302734375 0.0380859375
1 0.29296875 0.5 0.0302734375 0.0419921875
1 0.33203125 0.5263671875 0.03515625 0.0458984375
0 0.017578125 0.7744140625 0.03515625 0.13671875
2 0.4921875 0.58203125 0.0302734375 0.052734375
0 0.625 0.58203125 0.0302734375 0.087890625
1 0.619140625 0.5107421875 0.0224609375 0.0419921875