1 0.3095703125 0.3232421875 0.0654296875 0.099609375
1 0.5 0.361328125 0.0546875 0.111328125
1 0.7353515625 0.4111328125 0.044921875 0.099609375
1 0.833984375 0.4306640625 0.037109375 0.0751953125
0 0.2900390625 0.595703125 0.1748046875 0.4677734375
0 0.5048828125 0.5908203125 0.1748046875 0.396484375
0 0.7216796875 0.60546875 0.142578125 0.3291015625
0 0.83203125 0.5849609375 0.125 0.265625
2 0.5458984375 0.376953125 0.037109375 0.0791015625
1 0.576171875 0.3828125 0.0478515625 0.0595703125
1 0.8583984375 0.4267578125 0.02734375 0.0673828125
0 0.9208984375 0.5810546875 0.1025390625 0.234375
1 0.92578125 0.4384765625 0.02734375 0.0595703125