2 0.11328125 0.400390625 0.08203125 0.1201171875
2 0.3076171875 0.3662109375 0.0546875 0.1318359375
2 0.4775390625 0.3515625 0.0947265625 0.1201171875
2 0.619140625 0.3583984375 0.0927734375 0.1484375
0 0.0498046875 0.681640625 0.099609375 0.33984375
0 0.259765625 0.67578125 0.1845703125 0.34375
0 0.4775390625 0.7041015625 0.1796875 0.423828125
0 0.65625 0.7001953125 0.107421875 0.3515625
0 0.890625 0.6630859375 0.21875 0.384765625
2 0.3603515625 0.345703125 0.044921875 0.083984375
2 0.884765625 0.322265625 0.0654296875 0.1318359375
2 0.830078125 0.314453125 0.0546875 0.1240234375
2 0.7578125 0.333984375 0.044921875 0.068359375