2 0.4892578125 0.7001953125 0.0546875 0.0888671875
2 0.138671875 0.693359375 0.0537109375 0.0869140625
2 0.224609375 0.6611328125 0.0498046875 0.0771484375
1 0.6884765625 0.3525390625 0.033203125 0.0498046875
0 0.705078125 0.9169921875 0.08984375 0.166015625
0 0.791015625 0.8798828125 0.0712890625 0.240234375
0 0.9560546875 0.93359375 0.087890625 0.1328125
0 0.8623046875 0.908203125 0.1015625 0.18359375
0 0.107421875 0.9169921875 0.1083984375 0.166015625
0 0.2236328125 0.900390625 0.1162109375 0.1982421875
0 0.033203125 0.921875 0.06640625 0.15625
0 0.318359375 0.826171875 0.0771484375 0.267578125
2 0.2666015625 0.638671875 0.037109375 0.08203125
2 0.03125 0.591796875 0.0517578125 0.0869140625
2 0.0751953125 0.572265625 0.0263671875 0.0625
2 0.1513671875 0.5703125 0.033203125 0.0791015625
2 0.2353515625 0.5830078125 0.03515625 0.1044921875
2 0.322265625 0.5810546875 0.03125 0.07421875
2 0.431640625 0.6298828125 0.0498046875 0.0595703125
2 0.466796875 0.5703125 0.0263671875 0.0791015625
2 0.546875 0.591796875 0.037109375 0.0625
0 0.599609375 0.8916015625 0.078125 0.2158203125
2 0.58984375 0.6513671875 0.0498046875 0.0966796875
2 0.517578125 0.5361328125 0.0283203125 0.0888671875
2 0.6259765625 0.5634765625 0.03125 0.07421875
2 0.04296875 0.693359375 0.0712890625 0.091796875
2 0.3984375 0.5869140625 0.037109375 0.0869140625
2 0.8681640625 0.673828125 0.04296875 0.1220703125
2 0.95703125 0.669921875 0.0400390625 0.109375
2 0.9462890625 0.70703125 0.0380859375 0.0888671875
2 0.9296875 0.6328125 0.0302734375 0.083984375
2 0.6904296875 0.6552734375 0.037109375 0.1142578125
2 0.7216796875 0.662109375 0.0498046875 0.083984375
2 0.7412109375 0.57421875 0.0302734375 0.072265625
2 0.78125 0.6142578125 0.0234375 0.0771484375
2 0.8037109375 0.49609375 0.0302734375 0.0791015625
2 0.8310546875 0.548828125 0.025390625 0.07421875
2 0.5703125 0.4921875 0.037109375 0.08203125