1 0.0771484375 0.1943359375 0.0751953125 0.125
1 0.7998046875 0.28515625 0.115234375 0.2529296875
1 0.4609375 0.208984375 0.08203125 0.162109375
1 0.6103515625 0.208984375 0.0751953125 0.1171875
1 0.32421875 0.1962890625 0.0673828125 0.1279296875
0 0.111328125 0.6376953125 0.1572265625 0.384765625
0 0.3115234375 0.62109375 0.087890625 0.44140625
0 0.4208984375 0.724609375 0.087890625 0.4228515625
0 0.58984375 0.78515625 0.0703125 0.376953125
1 0.142578125 0.15625 0.044921875 0.1015625
1 0.1904296875 0.1865234375 0.0498046875 0.0947265625
1 0.25 0.166015625 0.0498046875 0.11328125