1 0.455078125 0.1337890625 0.12109375 0.1767578125
1 0.6650390625 0.1376953125 0.083984375 0.158203125
1 0.7314453125 0.1376953125 0.037109375 0.072265625
1 0.787109375 0.0859375 0.064453125 0.0966796875
1 0.873046875 0.119140625 0.0498046875 0.0673828125
0 0.5361328125 0.7705078125 0.171875 0.4580078125
0 0.8310546875 0.51171875 0.1201171875 0.359375
1 0.5185546875 0.103515625 0.0693359375 0.173828125
1 0.916015625 0.111328125 0.0283203125 0.0458984375
0 0.6884765625 0.6142578125 0.140625 0.4931640625
0 0.951171875 0.314453125 0.09765625 0.16796875