1 0.61328125 0.2919921875 0.1171875 0.2431640625
1 0.2744140625 0.3837890625 0.05078125 0.1181640625
1 0.3076171875 0.3759765625 0.0849609375 0.1845703125
1 0.935546875 0.328125 0.0478515625 0.1103515625
1 0.3740234375 0.3232421875 0.1005859375 0.13671875
2 0.6943359375 0.1123046875 0.1005859375 0.203125
1 0.8154296875 0.2919921875 0.1142578125 0.1845703125
1 0.1943359375 0.4208984375 0.06640625 0.1552734375
1 0.501953125 0.3876953125 0.05078125 0.0888671875
1 0.0537109375 0.4130859375 0.0380859375 0.05859375
0 0.3310546875 0.7900390625 0.59765625 0.4130859375
0 0.0478515625 0.6083984375 0.064453125 0.1552734375
0 0.912109375 0.5810546875 0.1748046875 0.3427734375
0 0.5791015625 0.8056640625 0.623046875 0.388671875