1 0.76953125 0.1494140625 0.08984375 0.1865234375
1 0.5361328125 0.1787109375 0.0771484375 0.119140625
1 0.6376953125 0.1904296875 0.0654296875 0.1494140625
1 0.2783203125 0.1845703125 0.0322265625 0.0556640625
1 0.3095703125 0.1943359375 0.044921875 0.0966796875
1 0.3447265625 0.1962890625 0.0498046875 0.09375
0 0.8125 0.6982421875 0.21484375 0.537109375
0 0.650390625 0.62109375 0.134765625 0.4287109375
0 0.5439453125 0.5615234375 0.1328125 0.3623046875
0 0.3720703125 0.5078125 0.1103515625 0.3134765625
0 0.1435546875 0.4755859375 0.08203125 0.2421875
0 0.048828125 0.4404296875 0.0927734375 0.2314453125
0 0.2353515625 0.466796875 0.08984375 0.25390625
1 0.482421875 0.1962890625 0.0498046875 0.123046875
1 0.6025390625 0.1455078125 0.0302734375 0.0517578125
1 0.4072265625 0.169921875 0.025390625 0.0556640625
1 0.4375 0.1552734375 0.03515625 0.0859375
1 0.3740234375 0.169921875 0.02734375 0.0634765625
1 0.2236328125 0.19921875 0.04296875 0.0712890625
1 0.0966796875 0.2294921875 0.04296875 0.0556640625
1 0.1298828125 0.2255859375 0.044921875 0.078125
1 0.0458984375 0.244140625 0.02734375 0.0556640625