1 0.4404296875 0.265625 0.0703125 0.1240234375
1 0.0888671875 0.251953125 0.0771484375 0.15234375
1 0.6533203125 0.2099609375 0.0478515625 0.099609375
1 0.5498046875 0.2041015625 0.0498046875 0.087890625
1 0.7900390625 0.181640625 0.0400390625 0.076171875
0 0.1015625 0.755859375 0.2021484375 0.4638671875
0 0.4609375 0.681640625 0.1826171875 0.435546875
0 0.6611328125 0.513671875 0.072265625 0.33984375
0 0.78515625 0.43359375 0.0546875 0.1884765625
0 0.5673828125 0.435546875 0.0751953125 0.18359375
0 0.9326171875 0.3076171875 0.0400390625 0.18359375
0 0.884765625 0.2958984375 0.0302734375 0.17578125
0 0.974609375 0.267578125 0.025390625 0.18359375
0 0.7421875 0.40625 0.025390625 0.1796875
1 0.880859375 0.171875 0.037109375 0.0478515625
2 0.927734375 0.173828125 0.0400390625 0.0439453125