0 0.6064453125 0.7314453125 0.4296875 0.537109375
2 0.6337890625 0.2861328125 0.1259765625 0.142578125
2 0.451171875 0.1416015625 0.0986328125 0.18359375
2 0.8115234375 0.220703125 0.103515625 0.1796875
2 0.04296875 0.2841796875 0.0859375 0.158203125
0 0.0556640625 0.634765625 0.1103515625 0.4873046875
0 0.16796875 0.478515625 0.0947265625 0.3291015625
2 0.1943359375 0.234375 0.0576171875 0.0966796875
0 0.9501953125 0.462890625 0.099609375 0.279296875
2 0.9697265625 0.255859375 0.048828125 0.1025390625
2 0.2490234375 0.2158203125 0.048828125 0.083984375
2 0.3251953125 0.1787109375 0.037109375 0.078125