0 0.1650390625 0.2822265625 0.080078125 0.2666015625
0 0.0859375 0.2822265625 0.0625 0.2412109375
0 0.0224609375 0.2666015625 0.044921875 0.2626953125
0 0.58984375 0.7119140625 0.7353515625 0.576171875
2 0.6689453125 0.1318359375 0.1328125 0.203125
0 0.419921875 0.2880859375 0.10546875 0.1611328125
0 0.5322265625 0.271484375 0.0703125 0.14453125
2 0.41015625 0.1162109375 0.03515625 0.046875
2 0.552734375 0.15234375 0.0400390625 0.076171875
2 0.75390625 0.095703125 0.107421875 0.1904296875
2 0.8251953125 0.14453125 0.0947265625 0.15234375