2 0.0849609375 0.251953125 0.0595703125 0.12109375
1 0.6884765625 0.1474609375 0.0478515625 0.0791015625
0 0.9033203125 0.3876953125 0.1923828125 0.224609375
2 0.912109375 0.2734375 0.0703125 0.107421875
2 0.3291015625 0.275390625 0.0576171875 0.130859375
2 0.6064453125 0.3525390625 0.072265625 0.154296875
0 0.1083984375 0.6708984375 0.212890625 0.583984375
0 0.3291015625 0.7919921875 0.15234375 0.369140625
0 0.5947265625 0.751953125 0.259765625 0.4951171875
0 0.89453125 0.724609375 0.205078125 0.5234375
0 0.490234375 0.3671875 0.1904296875 0.2568359375
0 0.6875 0.3505859375 0.1650390625 0.2431640625
2 0.5029296875 0.12109375 0.025390625 0.0751953125
1 0.5400390625 0.1474609375 0.044921875 0.0703125
2 0.7353515625 0.1142578125 0.025390625 0.0703125
2 0.9609375 0.140625 0.0576171875 0.0751953125
1 0.4365234375 0.130859375 0.0576171875 0.083984375
2 0.353515625 0.0166015625 0.017578125 0.0322265625
2 0.4775390625 0.0283203125 0.025390625 0.037109375