1 0.4716796875 0.29296875 0.0771484375 0.1142578125
1 0.1884765625 0.291015625 0.072265625 0.1103515625
1 0.7412109375 0.310546875 0.0625 0.12109375
1 0.8447265625 0.294921875 0.080078125 0.103515625
1 0.3701171875 0.2841796875 0.0654296875 0.1181640625
1 0.59375 0.2021484375 0.072265625 0.1318359375
0 0.1884765625 0.5986328125 0.20703125 0.4033203125
0 0.4658203125 0.623046875 0.177734375 0.4892578125
0 0.7646484375 0.6298828125 0.150390625 0.41796875
0 0.919921875 0.6162109375 0.134765625 0.3603515625
2 0.6337890625 0.2158203125 0.0322265625 0.08203125
1 0.3603515625 0.2138671875 0.044921875 0.0712890625
2 0.4013671875 0.1943359375 0.04296875 0.060546875
1 0.701171875 0.25 0.0673828125 0.0712890625
2 0.763671875 0.2451171875 0.0478515625 0.0751953125
2 0.6923828125 0.3388671875 0.0595703125 0.078125