1 0.3916015625 0.2451171875 0.1025390625 0.150390625
0 0.333984375 0.599609375 0.3271484375 0.51953125
0 0.8564453125 0.3935546875 0.107421875 0.1728515625
0 0.974609375 0.419921875 0.0498046875 0.1796875
0 0.7412109375 0.3837890625 0.1220703125 0.16015625
0 0.6533203125 0.38671875 0.09765625 0.1728515625
0 0.4990234375 0.3701171875 0.0576171875 0.146484375
0 0.5615234375 0.3798828125 0.0927734375 0.1533203125
0 0.044921875 0.33984375 0.0849609375 0.1396484375
0 0.1708984375 0.3349609375 0.087890625 0.123046875
0 0.2314453125 0.3369140625 0.087890625 0.09375