2 0.458984375 0.279296875 0.087890625 0.125
0 0.2529296875 0.578125 0.150390625 0.501953125
2 0.25 0.296875 0.0595703125 0.0888671875
2 0.107421875 0.28125 0.0654296875 0.0712890625
2 0.3271484375 0.259765625 0.0546875 0.078125
2 0.71875 0.2705078125 0.0625 0.0927734375
0 0.912109375 0.4609375 0.1748046875 0.2314453125
2 0.8759765625 0.2646484375 0.037109375 0.0673828125
0 0.0888671875 0.537109375 0.162109375 0.3486328125
0 0.634765625 0.6884765625 0.3095703125 0.623046875
0 0.7158203125 0.6123046875 0.2626953125 0.4130859375
0 0.8203125 0.5107421875 0.240234375 0.302734375
1 0.9013671875 0.2685546875 0.0224609375 0.0458984375