0 0.5478515625 0.6572265625 0.13671875 0.3779296875
0 0.84765625 0.677734375 0.162109375 0.427734375
0 0.33203125 0.41796875 0.078125 0.216796875
0 0.162109375 0.4208984375 0.08203125 0.3173828125
0 0.701171875 0.3251953125 0.08203125 0.15625
0 0.4345703125 0.2998046875 0.068359375 0.1767578125
0 0.2314453125 0.2744140625 0.0498046875 0.1513671875
0 0.0771484375 0.255859375 0.0419921875 0.123046875
2 0.85546875 0.265625 0.0634765625 0.1435546875
2 0.3193359375 0.2177734375 0.0751953125 0.0830078125
2 0.5478515625 0.3095703125 0.087890625 0.1357421875
2 0.5126953125 0.18359375 0.0654296875 0.0703125
2 0.1455078125 0.20703125 0.0615234375 0.0810546875
0 0.02734375 0.23828125 0.0283203125 0.0986328125
2 0.029296875 0.142578125 0.0146484375 0.02734375
2 0.076171875 0.1611328125 0.025390625 0.0400390625
2 0.4326171875 0.1689453125 0.0283203125 0.0400390625
0 0.2734375 0.2548828125 0.0302734375 0.0859375
2 0.2744140625 0.142578125 0.025390625 0.02734375
2 0.2265625 0.15625 0.033203125 0.0400390625
2 0.1875 0.1767578125 0.0283203125 0.0556640625
2 0.69140625 0.169921875 0.033203125 0.052734375