2 0.14453125 0.1669921875 0.0498046875 0.0908203125
1 0.8447265625 0.189453125 0.0546875 0.1103515625
1 0.951171875 0.1953125 0.0673828125 0.0986328125
0 0.1201171875 0.4169921875 0.1650390625 0.3701171875
0 0.43359375 0.5712890625 0.232421875 0.55078125
0 0.82421875 0.4267578125 0.162109375 0.3427734375
2 0.259765625 0.1279296875 0.0849609375 0.1220703125
2 0.68359375 0.1650390625 0.08203125 0.1103515625
1 0.4287109375 0.21875 0.072265625 0.0986328125
2 0.458984375 0.193359375 0.04296875 0.0947265625
0 0.94140625 0.4091796875 0.107421875 0.244140625