1 0.2578125 0.2177734375 0.0546875 0.1181640625
1 0.115234375 0.2490234375 0.0498046875 0.107421875
1 0.4541015625 0.23828125 0.052734375 0.107421875
1 0.666015625 0.2099609375 0.0576171875 0.1337890625
1 0.8427734375 0.2841796875 0.0498046875 0.0869140625
1 0.75 0.294921875 0.044921875 0.0869140625
1 0.3291015625 0.2919921875 0.037109375 0.1025390625
0 0.4951171875 0.638671875 0.099609375 0.353515625
0 0.71484375 0.5869140625 0.1748046875 0.4970703125
0 0.896484375 0.556640625 0.15234375 0.4765625
0 0.1279296875 0.5439453125 0.150390625 0.328125
0 0.2978515625 0.61328125 0.150390625 0.4150390625
1 0.365234375 0.2744140625 0.044921875 0.107421875
1 0.6123046875 0.2587890625 0.03515625 0.107421875
1 0.521484375 0.3203125 0.072265625 0.1279296875