0 0.2685546875 0.46484375 0.0576171875 0.123046875
0 0.4365234375 0.525390625 0.0576171875 0.216796875
0 0.5498046875 0.7021484375 0.0498046875 0.283203125
0 0.7978515625 0.78515625 0.0751953125 0.283203125
0 0.9541015625 0.86328125 0.087890625 0.2470703125
0 0.1435546875 0.58984375 0.052734375 0.212890625
2 0.771484375 0.3330078125 0.0673828125 0.11328125
2 0.91015625 0.361328125 0.0947265625 0.169921875
2 0.7158203125 0.3583984375 0.037109375 0.103515625
2 0.4248046875 0.388671875 0.0400390625 0.056640625
0 0.04296875 0.568359375 0.044921875 0.236328125
0 0.31640625 0.498046875 0.037109375 0.1298828125
2 0.3046875 0.3818359375 0.01953125 0.0302734375
2 0.37109375 0.3720703125 0.0224609375 0.0302734375
2 0.5302734375 0.3984375 0.0546875 0.0771484375