2 0.5595703125 0.3466796875 0.0302734375 0.080078125
1 0.603515625 0.337890625 0.052734375 0.1240234375
1 0.728515625 0.3330078125 0.052734375 0.09765625
2 0.2861328125 0.3115234375 0.0224609375 0.0625
2 0.3466796875 0.291015625 0.0478515625 0.111328125
2 0.1328125 0.29296875 0.0654296875 0.1064453125
2 0.8251953125 0.3017578125 0.0400390625 0.080078125
0 0.115234375 0.693359375 0.1552734375 0.470703125
0 0.31640625 0.6689453125 0.1376953125 0.3779296875
0 0.4736328125 0.6181640625 0.0927734375 0.3203125
0 0.5947265625 0.72265625 0.1103515625 0.38671875
0 0.728515625 0.6689453125 0.09765625 0.3330078125
0 0.8310546875 0.626953125 0.087890625 0.337890625
2 0.490234375 0.3134765625 0.0400390625 0.0751953125
2 0.2626953125 0.3115234375 0.03515625 0.0537109375
0 0.66015625 0.6044921875 0.0498046875 0.3291015625