1 0.8447265625 0.26171875 0.14453125 0.2841796875
1 0.6650390625 0.2412109375 0.134765625 0.2880859375
1 0.419921875 0.2841796875 0.10546875 0.216796875
1 0.2978515625 0.26953125 0.1103515625 0.232421875
1 0.0751953125 0.3330078125 0.0947265625 0.1796875
0 0.8154296875 0.7958984375 0.26953125 0.408203125
0 0.587890625 0.7958984375 0.1552734375 0.408203125
0 0.271484375 0.802734375 0.19921875 0.39453125
0 0.4111328125 0.7880859375 0.2021484375 0.4228515625
0 0.0771484375 0.7998046875 0.154296875 0.400390625
1 0.974609375 0.1328125 0.0498046875 0.18359375