1 0.39453125 0.16015625 0.08984375 0.1865234375
1 0.8310546875 0.1357421875 0.0927734375 0.1728515625
1 0.6689453125 0.1484375 0.0625 0.146484375
0 0.130859375 0.4755859375 0.15234375 0.29296875
0 0.486328125 0.7001953125 0.177734375 0.564453125
0 0.8203125 0.677734375 0.1845703125 0.609375
1 0.447265625 0.1044921875 0.0546875 0.1552734375
1 0.61328125 0.1552734375 0.072265625 0.16015625
1 0.150390625 0.1376953125 0.0654296875 0.142578125
1 0.291015625 0.1220703125 0.0771484375 0.146484375
2 0.3251953125 0.1552734375 0.0654296875 0.142578125
2 0.21484375 0.1484375 0.0595703125 0.1552734375