1 0.5224609375 0.3369140625 0.044921875 0.095703125
1 0.8095703125 0.376953125 0.0703125 0.095703125
1 0.2158203125 0.3115234375 0.0478515625 0.087890625
0 0.2578125 0.5146484375 0.240234375 0.23046875
0 0.53125 0.5146484375 0.27734375 0.2158203125
0 0.85546875 0.6845703125 0.2646484375 0.30078125
2 0.736328125 0.3056640625 0.037109375 0.0546875
2 0.951171875 0.3369140625 0.0478515625 0.0732421875
2 0.90625 0.32421875 0.04296875 0.0625
2 0.3935546875 0.3056640625 0.0322265625 0.0546875
0 0.0712890625 0.4306640625 0.1279296875 0.1279296875
1 0.06640625 0.3115234375 0.04296875 0.05859375
2 0.4345703125 0.3037109375 0.01953125 0.0517578125
2 0.4599609375 0.287109375 0.025390625 0.0400390625
2 0.619140625 0.294921875 0.04296875 0.0478515625