1 0.275390625 0.6171875 0.0458984375 0.068359375
1 0.3779296875 0.568359375 0.0302734375 0.048828125
0 0.6923828125 0.8525390625 0.1875 0.294921875
0 0.37890625 0.87109375 0.3896484375 0.2578125
0 0.095703125 0.9375 0.19140625 0.119140625
0 0.5556640625 0.7841796875 0.1669921875 0.1826171875
0 0.34375 0.6767578125 0.0908203125 0.1123046875
0 0.1484375 0.7294921875 0.1171875 0.166015625
0 0.8232421875 0.7490234375 0.0595703125 0.1220703125
0 0.650390625 0.7451171875 0.0556640625 0.0986328125
0 0.0986328125 0.6787109375 0.0419921875 0.0419921875
0 0.1787109375 0.787109375 0.0947265625 0.0986328125
2 0.7373046875 0.6005859375 0.052734375 0.0634765625
1 0.6279296875 0.5703125 0.03515625 0.044921875
1 0.6630859375 0.5751953125 0.03125 0.048828125
2 0.5732421875 0.58984375 0.0302734375 0.046875
2 0.5341796875 0.56640625 0.0400390625 0.037109375
2 0.5859375 0.5712890625 0.021484375 0.033203125
2 0.4306640625 0.568359375 0.0400390625 0.048828125
2 0.8203125 0.5810546875 0.0302734375 0.033203125
1 0.9033203125 0.580078125 0.0595703125 0.0771484375
2 0.955078125 0.623046875 0.0859375 0.1123046875
2 0.7001953125 0.57421875 0.021484375 0.0234375
2 0.482421875 0.5654296875 0.017578125 0.0302734375
2 0.462890625 0.580078125 0.017578125 0.03515625
2 0.5078125 0.6103515625 0.0302734375 0.048828125
2 0.3388671875 0.576171875 0.013671875 0.0234375
2 0.291015625 0.55859375 0.021484375 0.0400390625
2 0.150390625 0.5888671875 0.0400390625 0.03515625
1 0.2021484375 0.587890625 0.033203125 0.046875
2 0.0302734375 0.5595703125 0.060546875 0.080078125