0 0.5283203125 0.5859375 0.2744140625 0.2822265625
1 0.5869140625 0.3681640625 0.1171875 0.1806640625
0 0.6162109375 0.759765625 0.712890625 0.48046875
0 0.34375 0.416015625 0.1962890625 0.177734375
1 0.43359375 0.3212890625 0.06640625 0.0595703125
1 0.4892578125 0.326171875 0.0625 0.095703125
0 0.205078125 0.3076171875 0.044921875 0.0341796875
0 0.25390625 0.306640625 0.033203125 0.0283203125
0 0.2802734375 0.30859375 0.0244140625 0.0302734375
1 0.2998046875 0.2861328125 0.0283203125 0.037109375
1 0.33203125 0.2939453125 0.033203125 0.0478515625
2 0.0556640625 0.259765625 0.01953125 0.03515625
2 0.0947265625 0.287109375 0.0078125 0.02734375
0 0.1318359375 0.3505859375 0.0498046875 0.083984375
1 0.125 0.279296875 0.025390625 0.0302734375
2 0.36328125 0.2978515625 0.0234375 0.0234375
1 0.419921875 0.2919921875 0.0244140625 0.0302734375