1 0.3876953125 0.521484375 0.0751953125 0.0859375
0 0.40234375 0.7998046875 0.3173828125 0.3095703125
0 0.7021484375 0.828125 0.3427734375 0.326171875
1 0.7099609375 0.5517578125 0.068359375 0.0927734375
2 0.6630859375 0.5087890625 0.044921875 0.0703125
0 0.8759765625 0.7412109375 0.2470703125 0.306640625
1 0.8974609375 0.5576171875 0.0498046875 0.091796875
1 0.8525390625 0.5322265625 0.0283203125 0.03125
0 0.173828125 0.5458984375 0.0400390625 0.044921875
0 0.2158203125 0.5439453125 0.029296875 0.037109375
0 0.23828125 0.548828125 0.03515625 0.04296875
0 0.2734375 0.5439453125 0.0185546875 0.0419921875
0 0.0986328125 0.5361328125 0.021484375 0.0341796875
0 0.1220703125 0.533203125 0.0263671875 0.025390625
1 0.083984375 0.4990234375 0.0087890625 0.013671875
1 0.10546875 0.5068359375 0.013671875 0.0166015625
1 0.126953125 0.5029296875 0.01171875 0.01953125
1 0.17578125 0.505859375 0.0185546875 0.021484375
1 0.2041015625 0.505859375 0.0078125 0.013671875
1 0.2119140625 0.5048828125 0.0078125 0.0126953125
1 0.2265625 0.5126953125 0.0107421875 0.0146484375
1 0.2490234375 0.5078125 0.013671875 0.01953125
1 0.265625 0.5068359375 0.0107421875 0.015625
1 0.27734375 0.5068359375 0.0107421875 0.009765625