1 0.3681640625 0.5166015625 0.0390625 0.0498046875
1 0.341796875 0.6103515625 0.0908203125 0.1435546875
0 0.4716796875 0.6083984375 0.056640625 0.0966796875
2 0.4248046875 0.51953125 0.013671875 0.0185546875
1 0.466796875 0.5224609375 0.0185546875 0.021484375
0 0.5166015625 0.5751953125 0.037109375 0.080078125
1 0.5126953125 0.5166015625 0.021484375 0.0263671875
0 0.5712890625 0.564453125 0.0400390625 0.0712890625
1 0.572265625 0.513671875 0.0185546875 0.0263671875
0 0.21875 0.580078125 0.10546875 0.08984375
0 0.314453125 0.5498046875 0.048828125 0.056640625