0 0.3662109375 0.6611328125 0.0712890625 0.1884765625
0 0.51171875 0.634765625 0.0712890625 0.1767578125
0 0.4228515625 0.568359375 0.048828125 0.115234375
0 0.2666015625 0.5615234375 0.033203125 0.0810546875
0 0.8798828125 0.556640625 0.0439453125 0.06640625
0 0.5810546875 0.5341796875 0.037109375 0.052734375
0 0.5400390625 0.529296875 0.01953125 0.0458984375
2 0.5048828125 0.501953125 0.0400390625 0.0458984375
2 0.3505859375 0.5029296875 0.033203125 0.052734375
2 0.2626953125 0.486328125 0.0322265625 0.029296875
2 0.4169921875 0.4921875 0.0224609375 0.037109375
2 0.87890625 0.5 0.0244140625 0.0341796875
2 0.578125 0.4892578125 0.0205078125 0.021484375
2 0.5380859375 0.484375 0.013671875 0.0224609375