1 0.5537109375 0.2744140625 0.119140625 0.2177734375
1 0.34375 0.33984375 0.1474609375 0.201171875
1 0.462890625 0.1337890625 0.0654296875 0.0947265625
1 0.68359375 0.13671875 0.09765625 0.1376953125
1 0.3505859375 0.1005859375 0.05078125 0.095703125
1 0.0380859375 0.1103515625 0.044921875 0.076171875
1 0.09765625 0.1484375 0.0693359375 0.111328125
1 0.1552734375 0.111328125 0.0302734375 0.072265625
0 0.1787109375 0.515625 0.2763671875 0.33203125
0 0.8564453125 0.521484375 0.1806640625 0.4404296875
0 0.8525390625 0.791015625 0.294921875 0.41796875