1 0.345703125 0.3740234375 0.12109375 0.1474609375
0 0.3642578125 0.716796875 0.291015625 0.458984375
1 0.3896484375 0.3525390625 0.0361328125 0.119140625
1 0.5146484375 0.3173828125 0.08203125 0.1474609375
0 0.556640625 0.7021484375 0.1162109375 0.4873046875
1 0.732421875 0.2998046875 0.1083984375 0.1279296875
0 0.76171875 0.6484375 0.2529296875 0.5185546875
0 0.20703125 0.607421875 0.1123046875 0.3515625
0 0.1669921875 0.4990234375 0.1279296875 0.2705078125
0 0.0546875 0.4794921875 0.0703125 0.140625
1 0.03125 0.3701171875 0.0244140625 0.0625
1 0.052734375 0.359375 0.0263671875 0.041015625
1 0.095703125 0.35546875 0.0234375 0.0478515625
1 0.16015625 0.341796875 0.0361328125 0.1044921875
1 0.20703125 0.3466796875 0.060546875 0.107421875
0 0.0908203125 0.703125 0.181640625 0.494140625