0 0.25390625 0.619140625 0.0439453125 0.1103515625
2 0.318359375 0.564453125 0.052734375 0.0576171875
2 0.19140625 0.54296875 0.0361328125 0.0380859375
2 0.1865234375 0.5859375 0.0283203125 0.0283203125
0 0.193359375 0.6787109375 0.0830078125 0.1357421875
0 0.3291015625 0.7177734375 0.099609375 0.23046875
2 0.125 0.529296875 0.0205078125 0.025390625
0 0.125 0.6015625 0.0537109375 0.0966796875
0 0.796875 0.62890625 0.064453125 0.1240234375
0 0.9482421875 0.6484375 0.1025390625 0.171875
0 0.638671875 0.541015625 0.0361328125 0.0419921875
0 0.7294921875 0.5595703125 0.033203125 0.0634765625
2 0.7978515625 0.52734375 0.0244140625 0.0380859375
1 0.9716796875 0.537109375 0.0302734375 0.0498046875
0 0.6083984375 0.5693359375 0.0390625 0.0673828125
0 0.3369140625 0.537109375 0.017578125 0.03515625
0 0.36328125 0.529296875 0.0166015625 0.0322265625
0 0.572265625 0.5322265625 0.021484375 0.03125
2 0.6162109375 0.521484375 0.0107421875 0.021484375
0 0.2294921875 0.5546875 0.0283203125 0.0380859375
1 0.2548828125 0.53515625 0.01171875 0.025390625
2 0.1875 0.513671875 0.013671875 0.0234375
2 0.2314453125 0.5146484375 0.0107421875 0.013671875
1 0.2470703125 0.515625 0.0205078125 0.0234375
0 0.2763671875 0.5478515625 0.0185546875 0.0517578125
2 0.27734375 0.509765625 0.01171875 0.0234375
0 0.2900390625 0.5419921875 0.0166015625 0.0380859375
0 0.3056640625 0.525390625 0.0205078125 0.021484375
2 0.294921875 0.513671875 0.0068359375 0.0166015625
1 0.30859375 0.5078125 0.005859375 0.009765625
1 0.3349609375 0.5126953125 0.005859375 0.0126953125
0 0.4365234375 0.5234375 0.0078125 0.0263671875
1 0.4892578125 0.509765625 0.0048828125 0.017578125