2 0.4716796875 0.3583984375 0.04296875 0.06640625
2 0.5849609375 0.3525390625 0.03515625 0.0712890625
2 0.919921875 0.3310546875 0.03515625 0.0712890625
2 0.81640625 0.345703125 0.037109375 0.0751953125
0 0.0703125 0.560546875 0.1103515625 0.3037109375
0 0.224609375 0.5537109375 0.1201171875 0.30859375
0 0.349609375 0.5498046875 0.10546875 0.3251953125
0 0.4775390625 0.55859375 0.10546875 0.2998046875
0 0.5947265625 0.556640625 0.1201171875 0.279296875
0 0.7109375 0.560546875 0.1220703125 0.2958984375
0 0.8291015625 0.560546875 0.1025390625 0.2958984375
0 0.9326171875 0.55859375 0.125 0.283203125
2 0.2314453125 0.3544921875 0.0322265625 0.06640625
2 0.119140625 0.3564453125 0.0478515625 0.0625
2 0.0966796875 0.3603515625 0.0322265625 0.0712890625
2 0.26171875 0.3525390625 0.02734375 0.087890625
2 0.3427734375 0.3564453125 0.0400390625 0.0625
2 0.369140625 0.3349609375 0.04296875 0.0625
2 0.4853515625 0.3330078125 0.025390625 0.05859375
2 0.58984375 0.3037109375 0.0498046875 0.0751953125
2 0.7099609375 0.3544921875 0.03515625 0.0498046875
2 0.7275390625 0.2666015625 0.025390625 0.0751953125
2 0.8037109375 0.2919921875 0.04296875 0.06640625
2 0.9248046875 0.279296875 0.044921875 0.033203125