2 0.15625 0.1318359375 0.087890625 0.1572265625
1 0.8984375 0.46875 0.0625 0.111328125
2 0.6162109375 0.31640625 0.0625 0.1279296875
2 0.4365234375 0.2353515625 0.0771484375 0.1318359375
0 0.138671875 0.677734375 0.27734375 0.63671875
0 0.416015625 0.634765625 0.2275390625 0.5830078125
0 0.615234375 0.6591796875 0.2001953125 0.5
0 0.8984375 0.75 0.2021484375 0.3515625
1 0.794921875 0.5703125 0.044921875 0.0830078125
2 0.18359375 0.111328125 0.072265625 0.1572265625
2 0.45703125 0.2333984375 0.025390625 0.1279296875
2 0.4833984375 0.25 0.0478515625 0.13671875