1 0.1513671875 0.419921875 0.1123046875 0.1259765625
1 0.369140625 0.36328125 0.072265625 0.078125
1 0.8076171875 0.2734375 0.08984375 0.1064453125
0 0.19140625 0.7587890625 0.29296875 0.466796875
0 0.42578125 0.6396484375 0.1923828125 0.279296875
0 0.55078125 0.5380859375 0.22265625 0.2705078125
0 0.833984375 0.58203125 0.27734375 0.4443359375
1 0.552734375 0.3544921875 0.0849609375 0.08984375
1 0.21484375 0.4052734375 0.0595703125 0.0673828125
1 0.259765625 0.390625 0.03515625 0.0498046875
0 0.048828125 0.5498046875 0.09765625 0.1904296875
1 0.0361328125 0.427734375 0.04296875 0.044921875