1 0.3037109375 0.1640625 0.16015625 0.2353515625
1 0.0771484375 0.2275390625 0.09375 0.1484375
1 0.533203125 0.224609375 0.0703125 0.12890625
1 0.638671875 0.130859375 0.0966796875 0.1728515625
1 0.14453125 0.2236328125 0.087890625 0.126953125
1 0.9658203125 0.1552734375 0.0654296875 0.1064453125
0 0.265625 0.640625 0.3583984375 0.66015625
0 0.677734375 0.62890625 0.2412109375 0.728515625
0 0.0595703125 0.6669921875 0.119140625 0.595703125
0 0.8515625 0.5322265625 0.16015625 0.416015625
0 0.958984375 0.36328125 0.08203125 0.3447265625
1 0.412109375 0.134765625 0.1103515625 0.2021484375
1 0.841796875 0.1826171875 0.0595703125 0.12890625
1 0.87109375 0.158203125 0.0517578125 0.111328125