2 0.14453125 0.21875 0.08984375 0.15625
2 0.59765625 0.2666015625 0.0654296875 0.12890625
2 0.423828125 0.2529296875 0.0771484375 0.15625
2 0.7724609375 0.2646484375 0.0546875 0.1025390625
0 0.162109375 0.6728515625 0.32421875 0.654296875
0 0.4345703125 0.6123046875 0.3349609375 0.517578125
0 0.6708984375 0.560546875 0.2470703125 0.4453125
0 0.8037109375 0.498046875 0.232421875 0.3271484375
2 0.03515625 0.20703125 0.03515625 0.056640625
2 0.2353515625 0.21484375 0.0302734375 0.0419921875
2 0.28515625 0.21484375 0.03515625 0.0498046875
2 0.3310546875 0.2265625 0.0322265625 0.0498046875
2 0.37890625 0.220703125 0.02734375 0.060546875
2 0.4365234375 0.197265625 0.02734375 0.0458984375
2 0.4970703125 0.2353515625 0.025390625 0.0537109375
2 0.5283203125 0.2451171875 0.0224609375 0.0341796875
2 0.634765625 0.2548828125 0.044921875 0.083984375
2 0.8359375 0.2607421875 0.037109375 0.064453125
2 0.8701171875 0.2666015625 0.0302734375 0.060546875
2 0.68359375 0.2451171875 0.0322265625 0.0419921875
2 0.70703125 0.2470703125 0.0302734375 0.0458984375
2 0.5634765625 0.2265625 0.0224609375 0.0498046875
2 0.0810546875 0.212890625 0.02734375 0.0458984375