0 0.267578125 0.623046875 0.365234375 0.708984375
0 0.1171875 0.4912109375 0.2099609375 0.4169921875
0 0.548828125 0.498046875 0.2421875 0.4482421875
0 0.8583984375 0.6259765625 0.20703125 0.5693359375
2 0.3046875 0.1796875 0.150390625 0.1796875
2 0.150390625 0.1640625 0.1396484375 0.138671875
2 0.837890625 0.1748046875 0.0703125 0.134765625
2 0.337890625 0.08984375 0.0849609375 0.1259765625
2 0.5087890625 0.18359375 0.0771484375 0.1259765625
2 0.4189453125 0.1123046875 0.04296875 0.08984375
0 0.4150390625 0.3720703125 0.0751953125 0.287109375
2 0.892578125 0.2421875 0.10546875 0.134765625