1 0.94140625 0.4111328125 0.052734375 0.09375
0 0.1123046875 0.568359375 0.1396484375 0.212890625
0 0.2421875 0.6748046875 0.099609375 0.267578125
0 0.44921875 0.6611328125 0.1025390625 0.23828125
0 0.66796875 0.6767578125 0.10546875 0.2490234375
0 0.755859375 0.61328125 0.037109375 0.1298828125
0 0.927734375 0.6962890625 0.1201171875 0.310546875
2 0.2490234375 0.41015625 0.1376953125 0.1123046875
2 0.4375 0.40234375 0.099609375 0.1044921875
1 0.71875 0.4208984375 0.052734375 0.1123046875
2 0.6513671875 0.3974609375 0.0927734375 0.13671875
2 0.0908203125 0.380859375 0.0771484375 0.0830078125
1 0.5400390625 0.3955078125 0.0546875 0.0537109375
0 0.5439453125 0.576171875 0.0771484375 0.169921875
0 0.3935546875 0.5595703125 0.02734375 0.1298828125