1 0.8828125 0.2265625 0.1298828125 0.2138671875
1 0.6728515625 0.2587890625 0.10546875 0.1650390625
1 0.3916015625 0.3837890625 0.052734375 0.0791015625
0 0.951171875 0.7587890625 0.09765625 0.3935546875
0 0.7373046875 0.6669921875 0.2001953125 0.494140625
0 0.5498046875 0.5712890625 0.125 0.36328125
0 0.458984375 0.638671875 0.0673828125 0.2509765625
0 0.1650390625 0.5244140625 0.03515625 0.1044921875
0 0.1826171875 0.5244140625 0.0302734375 0.1123046875
0 0.20703125 0.5302734375 0.0302734375 0.130859375
0 0.236328125 0.53515625 0.037109375 0.1650390625
1 0.5751953125 0.328125 0.0654296875 0.1015625
1 0.51953125 0.3369140625 0.0546875 0.1123046875
1 0.4677734375 0.3525390625 0.0546875 0.08984375
1 0.2353515625 0.419921875 0.0302734375 0.037109375
1 0.263671875 0.3984375 0.0322265625 0.056640625
1 0.287109375 0.40625 0.03515625 0.056640625
1 0.30859375 0.3779296875 0.037109375 0.0595703125
1 0.3408203125 0.3818359375 0.0322265625 0.0595703125
0 0.4013671875 0.59765625 0.072265625 0.265625
0 0.337890625 0.5673828125 0.044921875 0.18359375
0 0.287109375 0.5595703125 0.044921875 0.1611328125
0 0.125 0.5185546875 0.025390625 0.09375
0 0.083984375 0.5205078125 0.02734375 0.08984375