1 0.916015625 0.4287109375 0.09765625 0.17578125
1 0.6396484375 0.314453125 0.099609375 0.171875
1 0.45703125 0.3671875 0.0751953125 0.1650390625
1 0.2890625 0.44921875 0.0576171875 0.1044921875
1 0.15234375 0.548828125 0.0546875 0.09375
0 0.3408203125 0.7861328125 0.1328125 0.359375
0 0.55078125 0.7978515625 0.1826171875 0.3896484375
0 0.8291015625 0.80859375 0.2275390625 0.359375
0 0.18359375 0.771484375 0.1376953125 0.2841796875
1 0.0927734375 0.544921875 0.0595703125 0.0634765625
0 0.06640625 0.76171875 0.072265625 0.2060546875
1 0.0224609375 0.5224609375 0.044921875 0.0791015625