1 0.2900390625 0.5087890625 0.0400390625 0.0751953125
2 0.162109375 0.537109375 0.0498046875 0.05859375
2 0.4736328125 0.3623046875 0.04296875 0.0751953125
1 0.302734375 0.6142578125 0.0546875 0.0791015625
0 0.1474609375 0.78515625 0.1904296875 0.2041015625
0 0.4365234375 0.8310546875 0.15234375 0.2041015625
0 0.662109375 0.6748046875 0.1650390625 0.19140625
0 0.287109375 0.8662109375 0.1845703125 0.2412109375
0 0.58984375 0.4228515625 0.134765625 0.1455078125
2 0.568359375 0.27734375 0.0478515625 0.0458984375
2 0.697265625 0.306640625 0.025390625 0.0537109375
0 0.443359375 0.66015625 0.162109375 0.154296875
2 0.4921875 0.5439453125 0.03515625 0.0458984375
2 0.2109375 0.3623046875 0.052734375 0.0498046875
2 0.2412109375 0.2373046875 0.037109375 0.033203125
2 0.271484375 0.306640625 0.037109375 0.0625
2 0.294921875 0.255859375 0.01953125 0.0458984375
1 0.3603515625 0.2919921875 0.025390625 0.05859375
1 0.119140625 0.3623046875 0.0322265625 0.05859375
1 0.1416015625 0.244140625 0.0478515625 0.037109375
2 0.017578125 0.37890625 0.03515625 0.05859375
2 0.44140625 0.4892578125 0.037109375 0.0458984375
0 0.6474609375 0.498046875 0.1298828125 0.154296875
1 0.6904296875 0.5 0.0498046875 0.0419921875
1 0.7470703125 0.4208984375 0.0498046875 0.05859375
1 0.84765625 0.22265625 0.0302734375 0.0458984375
2 0.8974609375 0.2939453125 0.0302734375 0.0625
0 0.6650390625 0.1689453125 0.10546875 0.12109375
1 0.6689453125 0.08984375 0.02734375 0.0712890625
0 0.490234375 0.7080078125 0.150390625 0.1162109375
0 0.0498046875 0.5810546875 0.099609375 0.162109375