1 0.5712890625 0.0615234375 0.107421875 0.123046875
0 0.5634765625 0.58203125 0.337890625 0.8359375
0 0.8076171875 0.5146484375 0.1904296875 0.4921875
2 0.634765625 0.103515625 0.0400390625 0.0830078125
2 0.71484375 0.078125 0.044921875 0.1240234375
2 0.7724609375 0.0615234375 0.044921875 0.115234375
2 0.2978515625 0.1015625 0.0400390625 0.0537109375
2 0.35546875 0.076171875 0.0302734375 0.078125
2 0.4453125 0.10546875 0.01953125 0.0615234375
2 0.478515625 0.107421875 0.037109375 0.0576171875
2 0.4033203125 0.0810546875 0.0224609375 0.0458984375
2 0.2373046875 0.06640625 0.03515625 0.0576171875
2 0.1396484375 0.0498046875 0.03515625 0.0830078125