1 0.69140625 0.1103515625 0.0576171875 0.1015625
2 0.275390625 0.2080078125 0.044921875 0.0634765625
1 0.3349609375 0.181640625 0.0498046875 0.0791015625
1 0.47265625 0.1201171875 0.0498046875 0.1201171875
0 0.5302734375 0.6982421875 0.3046875 0.4228515625
0 0.205078125 0.55078125 0.0947265625 0.3896484375
0 0.71875 0.4677734375 0.197265625 0.3818359375
2 0.5126953125 0.404296875 0.0703125 0.09765625
2 0.9208984375 0.552734375 0.1279296875 0.19140625
1 0.1611328125 0.275390625 0.04296875 0.0634765625
1 0.232421875 0.2490234375 0.0595703125 0.0712890625
2 0.056640625 0.1708984375 0.0673828125 0.1083984375
2 0.1787109375 0.1591796875 0.04296875 0.0712890625
1 0.5751953125 0.1708984375 0.03515625 0.048828125