1 0.8203125 0.1806640625 0.0595703125 0.1240234375
1 0.6298828125 0.12890625 0.0546875 0.1142578125
1 0.4345703125 0.119140625 0.03515625 0.076171875
1 0.4775390625 0.1025390625 0.0595703125 0.119140625
1 0.0947265625 0.06640625 0.0546875 0.095703125
1 0.3134765625 0.076171875 0.0625 0.1142578125
1 0.9228515625 0.18359375 0.03515625 0.0712890625
1 0.673828125 0.162109375 0.037109375 0.06640625
1 0.7138671875 0.162109375 0.02734375 0.06640625
0 0.9814453125 0.3876953125 0.037109375 0.26171875
1 0.974609375 0.20703125 0.03515625 0.0810546875
0 0.0712890625 0.390625 0.1220703125 0.466796875
0 0.287109375 0.43359375 0.1103515625 0.466796875
0 0.4658203125 0.4521484375 0.1376953125 0.4951171875
0 0.603515625 0.478515625 0.107421875 0.509765625
0 0.8447265625 0.5615234375 0.1201171875 0.62890625
1 0.548828125 0.1376953125 0.037109375 0.076171875
0 0.927734375 0.4169921875 0.080078125 0.3193359375