1 0.4697265625 0.150390625 0.0966796875 0.150390625
1 0.90625 0.1259765625 0.119140625 0.2001953125
1 0.7890625 0.130859375 0.056640625 0.0986328125
1 0.1650390625 0.2001953125 0.0869140625 0.138671875
0 0.0859375 0.583984375 0.171875 0.49609375
0 0.451171875 0.61328125 0.44921875 0.5302734375
0 0.84375 0.64453125 0.3115234375 0.7099609375
1 0.548828125 0.1611328125 0.0810546875 0.08984375
1 0.2548828125 0.21875 0.0927734375 0.107421875
1 0.9775390625 0.134765625 0.044921875 0.107421875
2 0.0439453125 0.1953125 0.0625 0.0546875
2 0.28515625 0.1103515625 0.044921875 0.0576171875
2 0.095703125 0.15625 0.0546875 0.0693359375