2 0.34375 0.140625 0.072265625 0.123046875
2 0.22265625 0.14453125 0.044921875 0.10546875
2 0.5126953125 0.1552734375 0.0498046875 0.109375
0 0.2177734375 0.521484375 0.1396484375 0.4208984375
0 0.3515625 0.677734375 0.162109375 0.626953125
0 0.5126953125 0.537109375 0.14453125 0.443359375
0 0.8203125 0.4345703125 0.099609375 0.2890625
2 0.41015625 0.1337890625 0.0400390625 0.07421875
2 0.5546875 0.1181640625 0.025390625 0.0703125
2 0.5791015625 0.0947265625 0.0322265625 0.0654296875
2 0.6015625 0.0966796875 0.0322265625 0.0615234375
2 0.669921875 0.109375 0.0146484375 0.0615234375
2 0.7470703125 0.072265625 0.03515625 0.0654296875
2 0.80859375 0.0986328125 0.02734375 0.07421875
2 0.8310546875 0.0830078125 0.0224609375 0.0615234375
2 0.1416015625 0.1376953125 0.052734375 0.056640625
2 0.1875 0.109375 0.0400390625 0.0615234375
0 0.662109375 0.3486328125 0.0654296875 0.2236328125
0 0.7314453125 0.37890625 0.08203125 0.2412109375