1 0.3251953125 0.41796875 0.1103515625 0.1171875
1 0.701171875 0.3974609375 0.107421875 0.1298828125
0 0.0751953125 0.619140625 0.150390625 0.33203125
0 0.3115234375 0.767578125 0.232421875 0.40625
0 0.4912109375 0.599609375 0.20703125 0.4765625
0 0.701171875 0.7705078125 0.2822265625 0.458984375
2 0.3623046875 0.2041015625 0.044921875 0.0498046875
2 0.41015625 0.1865234375 0.0400390625 0.0498046875
2 0.5146484375 0.1513671875 0.10546875 0.126953125
1 0.048828125 0.33984375 0.0927734375 0.1328125
2 0.892578125 0.107421875 0.1396484375 0.14453125
2 0.0615234375 0.2158203125 0.02734375 0.0556640625
0 0.255859375 0.30859375 0.037109375 0.099609375