1 0.630859375 0.3935546875 0.072265625 0.1201171875
1 0.3515625 0.37109375 0.0625 0.126953125
1 0.8388671875 0.4345703125 0.052734375 0.09765625
1 0.7216796875 0.359375 0.0576171875 0.08984375
1 0.1923828125 0.4365234375 0.0400390625 0.056640625
1 0.2373046875 0.41796875 0.0546875 0.0791015625
1 0.4873046875 0.3671875 0.0400390625 0.09765625
0 0.6435546875 0.8046875 0.185546875 0.390625
0 0.46875 0.6552734375 0.08203125 0.27734375
0 0.9150390625 0.724609375 0.16015625 0.3330078125
0 0.2412109375 0.67578125 0.0771484375 0.2734375
1 0.8935546875 0.4404296875 0.0322265625 0.0859375
0 0.8310546875 0.6943359375 0.1328125 0.3330078125