0 0.6171875 0.8056640625 0.259765625 0.388671875
0 0.19140625 0.876953125 0.3828125 0.24609375
0 0.162109375 0.556640625 0.0546875 0.12890625
0 0.1064453125 0.5078125 0.041015625 0.0849609375
1 0.638671875 0.5341796875 0.0849609375 0.1328125
1 0.556640625 0.4814453125 0.0751953125 0.12890625
1 0.2353515625 0.5478515625 0.1064453125 0.171875
1 0.3134765625 0.5078125 0.0908203125 0.134765625
1 0.169921875 0.4716796875 0.017578125 0.0390625
1 0.0234375 0.4912109375 0.046875 0.111328125
0 0.4091796875 0.5517578125 0.064453125 0.099609375
1 0.3876953125 0.4775390625 0.025390625 0.03125