0 0.5244140625 0.7060546875 0.21875 0.546875
0 0.876953125 0.6044921875 0.1630859375 0.310546875
0 0.30078125 0.5927734375 0.1220703125 0.29296875
0 0.1494140625 0.59375 0.115234375 0.2763671875
1 0.5078125 0.3232421875 0.0849609375 0.1474609375
1 0.8662109375 0.3642578125 0.09375 0.09765625
1 0.580078125 0.357421875 0.056640625 0.0927734375
1 0.2978515625 0.392578125 0.046875 0.0771484375
1 0.134765625 0.41015625 0.0595703125 0.08203125
0 0.0458984375 0.568359375 0.0751953125 0.2158203125
1 0.0380859375 0.419921875 0.0400390625 0.05859375