0 0.1142578125 0.806640625 0.068359375 0.1552734375
0 0.2001953125 0.849609375 0.076171875 0.1826171875
0 0.45703125 0.6904296875 0.02734375 0.0615234375
0 0.5546875 0.73828125 0.0556640625 0.109375
2 0.19921875 0.69140625 0.041015625 0.056640625
2 0.1162109375 0.6826171875 0.0380859375 0.052734375
1 0.546875 0.662109375 0.03125 0.0361328125
1 0.45703125 0.6416015625 0.0146484375 0.029296875
2 0.7314453125 0.625 0.0224609375 0.021484375
0 0.6494140625 0.6591796875 0.03125 0.0419921875
1 0.654296875 0.625 0.0166015625 0.017578125
0 0.5830078125 0.693359375 0.03125 0.0654296875
1 0.5712890625 0.6376953125 0.021484375 0.0244140625