0 0.6142578125 0.72265625 0.1025390625 0.228515625
0 0.1943359375 0.62890625 0.046875 0.1259765625
0 0.2841796875 0.6904296875 0.064453125 0.1923828125
0 0.4423828125 0.6416015625 0.06640625 0.13671875
0 0.7861328125 0.5966796875 0.0703125 0.0859375
0 0.53515625 0.5634765625 0.0390625 0.052734375
0 0.1357421875 0.5517578125 0.029296875 0.0537109375
0 0.095703125 0.5419921875 0.021484375 0.056640625
2 0.5947265625 0.56640625 0.0341796875 0.0615234375
2 0.4423828125 0.537109375 0.0283203125 0.0361328125
1 0.798828125 0.53515625 0.0185546875 0.033203125
1 0.2880859375 0.55859375 0.041015625 0.0419921875
1 0.1923828125 0.544921875 0.033203125 0.0390625
0 0.470703125 0.5537109375 0.03125 0.0458984375
1 0.462890625 0.5126953125 0.013671875 0.025390625