0 0.548828125 0.708984375 0.228515625 0.5556640625
0 0.8837890625 0.6064453125 0.1318359375 0.3017578125
0 0.3076171875 0.6005859375 0.1279296875 0.30859375
0 0.15625 0.6044921875 0.0849609375 0.251953125
0 0.0458984375 0.568359375 0.0712890625 0.2197265625
1 0.8701171875 0.3662109375 0.0830078125 0.0927734375
1 0.501953125 0.3173828125 0.0869140625 0.1357421875
1 0.2978515625 0.3896484375 0.04296875 0.0771484375
1 0.5810546875 0.359375 0.0419921875 0.09765625
1 0.1337890625 0.4111328125 0.0380859375 0.0888671875
1 0.0400390625 0.4130859375 0.037109375 0.05859375